# oST version 5.0 parameters


[image]

width
928

height
800

[narrow_stereo/left]

camera matrix
472.856396 0.000000 469.653596
0.000000 478.929378 395.019844
0.000000 0.000000 1.000000

distortion
0.024746 -0.008775 -0.002617 0.003076 0.000000

rectification
0.999767 0.000146 0.021567
-0.000111 0.999999 -0.001624
-0.021567 0.001621 0.999766

projection
497.548664 0.000000 453.591473 0.000000
0.000000 497.548664 392.792271 0.000000
0.000000 0.000000 1.000000 0.000000
# oST version 5.0 parameters


[image]

width
928

height
800

[narrow_stereo/right]

camera matrix
474.400464 0.000000 468.737160
0.000000 480.121299 397.129075
0.000000 0.000000 1.000000

distortion
0.016569 -0.003332 -0.002207 0.002224 0.000000

rectification
0.999768 -0.001488 0.021488
0.001453 0.999998 0.001638
-0.021491 -0.001606 0.999768

projection
497.548664 0.000000 453.591473 -12.434507
0.000000 497.548664 392.792271 0.000000
0.000000 0.000000 1.000000 0.000000
