#IMX219

# 相机内参
fx: 787.2124523214902
fy: 784.7029145861828
x0: 631.470171484862
y0: 309.5672277125901

# fx: 291.18020239
# fy: 386.90486863
# x0: 253.71763318
# y0: 299.34724987

# 相机畸变参数
k1: -0.34574562240029405
k2: 0.12715326422119103
p1: -0.0011915582550086803
p2: 0.000953207623786401
k3: 0

# k1: -0.13482132
# k2: -0.25756932
# p1: -0.02077251
# p2: 0.02664651
# k3: 0

#方形目标边长（单位：m）
target_len: 0.5