%YAML:1.0
#IMX219

# 相机内参
projection_parameters:
  fx: 787.2124523214902
  fy: 784.7029145861828
  cx: 631.470171484862
  cy: 309.5672277125901

# fx: 291.18020239
# fy: 386.90486863
# x0: 253.71763318
# y0: 299.34724987

# 相机畸变参数
distortion_parameters:
  k1: -0.34574562240029405
  k2: 0.12715326422119103
  k3: 0
  p1: -0.0011915582550086803
  p2: 0.000953207623786401


# k1: -0.13482132
# k2: -0.25756932
# p1: -0.02077251
# p2: 0.02664651
# k3: 0

#旋转外参，相机系转IMU系
extrinsicRotation: !!opencv-matrix
   rows: 3
   cols: 3
   dt: d
   data: [ 7.071067811865475e-01,  7.071067811865475e-01,  0.0,
           7.071067811865475e-01,  -7.071067811865475e-01,  0.0, 
           0.0,  0.0,  -1.0]
#平移外参，相机转IMU系
extrinsicTranslation: !!opencv-matrix
   rows: 3
   cols: 1
   dt: d
   data: [-3.0e-03, -1.2e-02, -1.7e-02]

#方形目标边长（单位：m）
target_len: 0.5