%YAML:1.0
---
model_type: PINHOLE
camera_name: camera
image_width: 640
image_height: 480
distortion_parameters:
   # k1: -0.13482132
   # k2: -0.25756932
   # p1: -0.02077251
   # p2: 0.02664651
   k1: 0.0
   k2: 0.0
   p1: 0.0
   p2: 0.0
projection_parameters:
   fx: 291.18020239
   fy: 386.90486863
   cx: 253.71763318
   cy: 299.34724987
